 total_orders | delivered_orders | delivered_rate_pct | canceled_orders | cancellation_rate_pct | delivered_gpv | delivered_product_revenue | delivered_freight_revenue | avg_order_value | avg_review_score | avg_delivery_days | late_delivery_rate_pct 
--------------+------------------+--------------------+-----------------+-----------------------+---------------+---------------------------+---------------------------+-----------------+------------------+-------------------+------------------------
        99441 |            96478 |              97.02 |             625 |                  0.63 |   15422605.23 |               13221498.11 |                2198275.64 |          159.86 |             4.16 |             12.56 |                   8.11
(1 row)

 purchase_month_start | delivered_orders | delivered_gpv | avg_review_score | avg_delivery_days | late_delivery_rate_pct | mom_gpv_growth_pct 
----------------------+------------------+---------------+------------------+-------------------+------------------------+--------------------
 2016-09-01           |                1 |        143.46 |             1.00 |             54.81 |                 100.00 |                   
 2016-10-01           |              265 |      46566.71 |             4.01 |             19.60 |                   1.13 |           32359.72
 2016-12-01           |                1 |         19.62 |             5.00 |              4.69 |                   0.00 |             -99.96
 2017-01-01           |              750 |     127545.67 |             4.20 |             12.65 |                   3.07 |          649979.87
 2017-02-01           |             1653 |     271298.65 |             4.20 |             13.17 |                   3.21 |             112.71
 2017-03-01           |             2546 |     414369.39 |             4.19 |             12.95 |                   5.58 |              52.74
 2017-04-01           |             2303 |     390952.18 |             4.14 |             14.92 |                   7.86 |              -5.65
 2017-05-01           |             3546 |     567066.73 |             4.24 |             11.32 |                   3.61 |              45.05
 2017-06-01           |             3135 |     490225.60 |             4.22 |             12.01 |                   3.86 |             -13.55
 2017-07-01           |             3872 |     566403.93 |             4.26 |             11.59 |                   3.43 |              15.54
 2017-08-01           |             4193 |     646000.61 |             4.31 |             11.15 |                   3.32 |              14.05
 2017-09-01           |             4150 |     701169.99 |             4.27 |             11.85 |                   5.20 |               8.54
 2017-10-01           |             4478 |     751140.27 |             4.21 |             11.86 |                   5.29 |               7.13
 2017-11-01           |             7289 |    1153528.05 |             3.99 |             15.16 |                  14.31 |              53.57
 2017-12-01           |             5513 |     843199.17 |             4.09 |             15.39 |                   8.38 |             -26.90
 2018-01-01           |             7069 |    1078606.86 |             4.11 |             14.08 |                   6.56 |              27.92
 2018-02-01           |             6555 |     966510.88 |             3.88 |             16.95 |                  15.99 |             -10.39
 2018-03-01           |             7003 |    1120678.00 |             3.81 |             16.30 |                  21.36 |              15.95
 2018-04-01           |             6798 |    1132933.95 |             4.21 |             11.50 |                   5.31 |               1.09
 2018-05-01           |             6749 |    1128836.69 |             4.24 |             11.42 |                   8.24 |              -0.36
 2018-06-01           |             6099 |    1012090.68 |             4.31 |              9.24 |                   1.36 |             -10.34
 2018-07-01           |             6159 |    1027903.86 |             4.32 |              8.96 |                   4.48 |               1.56
 2018-08-01           |             6351 |     985414.28 |             4.31 |              7.73 |                  10.39 |              -4.13
 2018-09-01           |                0 |          0.00 |                  |                   |                        |            -100.00
 2018-10-01           |                0 |          0.00 |                  |                   |                        |                   
(25 rows)

 total_customers | repeat_customers | repeat_customer_rate_pct | avg_orders_per_customer | avg_customer_lifetime_value 
-----------------+------------------+--------------------------+-------------------------+-----------------------------
           96096 |             2997 |                     3.12 |                    1.03 |                      160.49
(1 row)

 payment_type | payment_rows | payment_value | payment_value_share_pct 
--------------+--------------+---------------+-------------------------
 credit_card  |        74586 |   12101094.88 |                   78.46
 boleto       |        19191 |    2769932.58 |                   17.96
 voucher      |         5493 |     343013.19 |                    2.22
 debit_card   |         1486 |     208421.12 |                    1.35
(4 rows)

  product_category_en  | total_delivered_orders | total_product_revenue | total_freight_revenue | avg_review_score | late_delivery_rate_pct 
-----------------------+------------------------+-----------------------+-----------------------+------------------+------------------------
 health_beauty         |                   8647 |            1233131.72 |             178957.81 |             4.06 |                  11.57
 watches_gifts         |                   5495 |            1166176.98 |              98156.14 |             4.19 |                   6.91
 bed_bath_table        |                   9272 |            1023434.76 |             201774.50 |             4.04 |                   7.03
 sports_leisure        |                   7530 |             954852.55 |             163404.36 |             4.26 |                   6.23
 computers_accessories |                   6530 |             888724.61 |             143999.16 |             4.11 |                   6.35
 furniture_decor       |                   6307 |             711927.69 |             168402.23 |             4.06 |                   7.39
 housewares            |                   5743 |             615628.69 |             142763.56 |             4.15 |                   6.13
 cool_stuff            |                   3559 |             610204.10 |              81476.79 |             4.21 |                   6.15
 auto                  |                   3810 |             578966.65 |              90488.10 |             4.12 |                   7.26
 toys                  |                   3804 |             471286.48 |              75774.58 |             4.26 |                   6.20
(10 rows)

    product_category_en     | total_delivered_orders | total_product_revenue | avg_review_score | late_delivery_rate_pct 
----------------------------+------------------------+-----------------------+------------------+------------------------
 office_furniture           |                   1254 |             268154.31 |             3.55 |                   9.01
 construction_tools_safety  |                    159 |              38773.22 |             3.86 |                   3.02
 fashion_male_clothing      |                    106 |              10452.33 |             3.87 |                   7.42
 home_confort               |                    392 |              58008.45 |             3.90 |                   9.23
 audio                      |                    348 |              50570.60 |             3.91 |                  11.31
 construction_tools_lights  |                    242 |              39957.00 |             3.91 |                  13.89
 fixed_telephony            |                    212 |              55315.21 |             3.92 |                   5.86
 signaling_and_security     |                    138 |              21315.05 |             3.92 |                   5.81
 fashion_underwear_beach    |                    117 |               9305.95 |             3.92 |                  12.24
 agro_industry_and_commerce |                    177 |              70566.10 |             3.94 |                   3.35
(10 rows)

            seller_id             | seller_state | total_delivered_orders | total_product_revenue | avg_review_score | avg_delivery_days | late_delivery_rate_pct 
----------------------------------+--------------+------------------------+-----------------------+------------------+-------------------+------------------------
 4869f7a5dfa277a7dca6462dcf3b52b2 | SP           |                   1124 |             226987.93 |             4.21 |             14.85 |                   9.21
 53243585a1d6dc2643021fd1853d8905 | BA           |                    348 |             217940.44 |             4.18 |             13.64 |                   3.44
 4a3ca9315b744ce9f8e9374361493884 | SP           |                   1772 |             196882.12 |             3.90 |             13.90 |                   8.87
 fa1c13f2614d7b5c4749cbc52fecda94 | SP           |                    578 |             190917.14 |             4.46 |             12.60 |                   7.58
 7c67e1448b00f6e969d365cea6b010ab | SP           |                    973 |             186570.05 |             3.55 |             21.37 |                   9.97
 7e93a43ef30c4f03f38b393420bc753a | SP           |                    319 |             165981.49 |             4.28 |             12.56 |                   9.48
 da8622b14eb17ae2831f4ac5b9dab84a | SP           |                   1311 |             159816.87 |             4.20 |             11.24 |                   6.20
 7a67c85e85bb2ce8582c35f2203ad736 | SP           |                   1145 |             139658.69 |             4.21 |             11.26 |                   6.10
 1025f0e2d44d7041d6cf58b6550e0bfa | SP           |                    910 |             138208.56 |             4.00 |             12.45 |                   9.42
 955fee9216a65b617aa5c0531780ce60 | SP           |                   1261 |             131836.71 |             4.20 |             10.04 |                   6.73
(10 rows)

 customer_state | total_delivered_orders | total_delivered_gpv | avg_review_score | avg_delivery_days | late_delivery_rate_pct 
----------------+------------------------+---------------------+------------------+-------------------+------------------------
 SP             |                  40501 |          5770409.65 |             4.09 |             11.51 |                   9.44
 RJ             |                  12350 |          2055690.45 |             4.02 |             14.69 |                  10.43
 MG             |                  11354 |          1819277.61 |             4.20 |             12.10 |                   4.14
 RS             |                   5345 |           861802.40 |             4.21 |             14.98 |                   5.63
 PR             |                   4923 |           781919.55 |             4.28 |             11.86 |                   3.94
 SC             |                   3546 |           595208.40 |             4.14 |             14.99 |                   8.47
 BA             |                   3256 |           591270.60 |             3.96 |             19.36 |                  11.93
 DF             |                   2080 |           346146.17 |             4.09 |             13.70 |                   5.76
 GO             |                   1957 |           334294.22 |             4.15 |             15.55 |                   6.38
 ES             |                   1995 |           317682.65 |             4.10 |             15.91 |                   9.75
(10 rows)

 delivery_bucket | orders | avg_review_score | avg_delivery_days 
-----------------+--------+------------------+-------------------
 On Time / Early |  88171 |             4.29 |             10.88
 Late            |   7661 |             2.57 |             31.38
(2 rows)

  product_category_en  | total_delivered_orders | total_product_revenue | avg_review_score | late_delivery_rate_pct 
-----------------------+------------------------+-----------------------+------------------+------------------------
 health_beauty         |                   8647 |            1233131.72 |             4.06 |                  11.57
 watches_gifts         |                   5495 |            1166176.98 |             4.19 |                   6.91
 bed_bath_table        |                   9272 |            1023434.76 |             4.04 |                   7.03
 computers_accessories |                   6530 |             888724.61 |             4.11 |                   6.35
 furniture_decor       |                   6307 |             711927.69 |             4.06 |                   7.39
 auto                  |                   3810 |             578966.65 |             4.12 |                   7.26
 baby                  |                   2809 |             400421.84 |             4.14 |                   7.94
 telephony             |                   4093 |             309860.23 |             4.09 |                   6.77
 office_furniture      |                   1254 |             268154.31 |             3.55 |                   9.01
 computers             |                    177 |             218684.14 |             4.27 |                   8.85
 musical_instruments   |                    611 |             184315.74 |             4.16 |                   8.50
(11 rows)

